EOG092C35SR	0	15.3503163773635	376
EOG092C4CCH	0	13.370585216048243	186
EOG092C5N82	0	13.43617743993919	99
EOG092C54JK	0	14.216578741424081	129
EOG092C5QTG	0	8.39861511934645	90
EOG092C50PJ	0	0.9194444797052751	179
EOG092C4FRI	0	33.64059135275128	243
EOG092C3MZF	0	7.700179354419639	64
EOG092C52QV	0	13.10859252302075	135
EOG092C3RZP	0	18.442093427726387	235
EOG092C2VGW	0	36.557052684472936	348
EOG092C4IV8	0	15.024415237249286	212
EOG092C52LO	0	13.188165560204856	108
EOG092C53PI	0	1.4123360286936213	152
EOG092C1TLO	0	185.00664111756052	522
EOG092C4CGV	0	16.7493888020976	169
EOG092C0CHR	0	33.72950980866418	818
EOG092C54Q4	0	6.310206287037568	142
EOG092C4S0G	0	18.031138378358484	183
EOG092C50DB	0	6.866708210757295	73
EOG092C3JIJ	0	40.51886643592367	301
EOG092C2RKX	0	48.111721332743	292
EOG092C0YZZ	0	53.61591280993523	468
EOG092C3D5H	0	99.95977030717061	477
EOG092C2M8E	0	36.95540877221513	215
EOG092C51LH	0	16.992105389551355	167
EOG092C5OAL	0	1.6019118669186023	94
EOG092C495C	0	24.376290291988884	147
EOG092C5L7Q	0	9.189406695527714	86
EOG092C5E5Z	0	4.708799073632147	116
EOG092C46VR	0	27.512561665223327	171
EOG092C4N9L	0	4.013213469645139	184
EOG092C4A9Y	0	27.569138959517534	212
EOG092C121R	0	75.50537851619545	521
EOG092C4PIQ	0	12.791652066610867	146
EOG092C2X6U	0	23.78462784089042	384
EOG092C4VXI	0	32.62156311099966	270
EOG092C59RA	0	9.166177748593714	71
EOG092C59NU	0	10.900170892706043	102
EOG092C5L1U	0	18.161611865955628	143
EOG092C57KP	0	18.934542425306073	167
EOG092C5UXM	0	8.398930005889587	72
EOG092C4WQO	0	28.11662877017693	137
EOG092C1PRY	0	25.060623569666344	399
EOG092C5AR8	0	29.529801624473006	182
EOG092C5Q82	0	9.336672683034545	142
EOG092C097K	0	66.40977564710393	604
EOG092C4EGW	0	32.03054145135495	323
EOG092C02J3	0	172.4134809211894	1264
EOG092C3N1W	0	53.96794904338552	376
EOG092C47TW	0	13.866838050935195	125
EOG092C2HER	0	13.355514521804313	236
EOG092C24CZ	0	34.84813792854411	424
EOG092C3ZSC	0	2.2252686867637617	146
EOG092C0U5S	0	62.725329614986016	559
EOG092C0K4D	0	65.04558410226232	731
EOG092C2Z4E	0	31.912825446796546	299
EOG092C2SMS	0	21.625958310075685	198
EOG092C4CNP	0	17.647481166129424	186
EOG092C2SCC	0	55.41656689098447	329
EOG092C4UA5	0	35.84870681331044	263
EOG092C22C1	0	33.22583366010496	372
EOG092C1KCQ	0	19.2018031366192	437
EOG092C484E	0	17.002413735382742	218
EOG092C00SU	0	122.45084772563885	771
EOG092C5XAZ	0	7.057449605679722	66
EOG092C07CA	0	163.76071222471933	792
EOG092C54AQ	0	6.068276430931443	152
EOG092C1URX	0	32.88106485152675	363
EOG092C0ZT0	0	60.401463526521766	433
EOG092C4IM8	0	3.1044830690552043	201
EOG092C28I3	0	102.95826499903815	607
EOG092C0C5J	0	128.22808482034924	917
EOG092C2X60	0	13.985294039350357	127
EOG092C0F0X	0	74.58480218574581	697
EOG092C441A	0	18.407122146760482	246
EOG092C59G3	0	29.40059415571156	333
EOG092C4SHL	0	11.715864222041231	69
EOG092C5O2N	0	4.845845805347467	96
EOG092C4P58	0	19.293611656914862	172
EOG092C3703	0	40.96057603896078	382
EOG092C4X4T	0	5.055628917701674	156
EOG092C4DAK	0	6.7668867511227795	191
EOG092C4JNL	0	29.659598228369063	166
EOG092C0XD0	0	50.972997739974446	286
EOG092C4F6L	0	3.8815443517525146	171
EOG092C0QZM	0	149.0749092618492	758
EOG092C2TXG	0	57.97093560260541	385
EOG092C0Y9M	0	40.62853144543262	162
EOG092C5Z2K	0	3.6010805029767106	78
EOG092C5246	0	13.934622161333133	170
EOG092C4RWB	0	9.048732195788483	203
EOG092C1WBG	0	87.66734836965459	383
EOG092C4IXB	0	6.12188858404327	129
EOG092C56EC	0	33.88331510429715	176
EOG092C410Y	0	3.157625163378944	166
EOG092C11NN	0	96.72693523522804	491
EOG092C5S4U	0	6.695175977499409	70
EOG092C2DPS	0	43.155857206229626	362
EOG092C5V3D	0	44.544034679917324	188
EOG092C1KNC	0	20.251725523757614	290
EOG092C330M	0	27.00052909534499	297
EOG092C1M1S	0	59.26320959249914	437
EOG092C4JUE	0	21.150832207769806	224
EOG092C0C7Z	0	44.31062679877219	433
EOG092C4R9E	0	59.437730473046955	326
EOG092C3NVX	0	36.18489167514764	331
EOG092C36RH	0	33.740809079820124	265
EOG092C54X6	0	6.423494283143919	83
EOG092C0WBD	0	60.61867873131379	470
EOG092C0N3X	0	82.00187615114481	539
EOG092C1O5L	0	61.8515731615338	492
EOG092C4V3H	0	9.793474171624652	128
EOG092C4LX2	0	13.425721582097552	110
EOG092C3L9G	0	5.569700945962088	157
EOG092C1UDO	0	54.20677032972756	349
EOG092C19ZG	0	156.41614125050356	882
EOG092C46M0	0	36.80997667366891	182
EOG092C00WD	0	122.35557073177279	1289
EOG092C1AHP	0	66.67478229571961	432
EOG092C2S2R	0	29.907276863818023	269
EOG092C4IT1	0	12.537622394562772	255
EOG092C5GXJ	0	13.102881126956792	129
EOG092C355W	0	48.32465152406738	400
EOG092C2IG9	0	12.497988633694431	208
EOG092C5G05	0	1.2129090894967165	100
EOG092C1OUP	0	38.07044983828364	453
EOG092C236M	0	40.393276751492806	430
EOG092C5XAS	0	12.992201896775706	91
EOG092C48JI	0	14.707695178659177	151
EOG092C08KH	0	128.7817782693978	847
EOG092C0KG1	0	58.82317660958627	590
EOG092C4JA1	0	9.319578322631672	132
EOG092C3ND9	0	18.86000317836546	214
EOG092C0BAH	0	92.25769389980289	818
EOG092C4UKX	0	11.954362807086659	131
EOG092C21L2	0	20.64113811380209	406
EOG092C28F5	0	18.422880366772276	299
EOG092C12O0	0	30.307401454150448	435
EOG092C608K	0	26.752394383295595	203
EOG092C54E5	0	22.811693285353396	161
EOG092C2V3O	0	38.21402124552042	343
EOG092C3P8T	0	20.70334010048926	290
EOG092C0P21	0	55.26131707864106	747
EOG092C4FYC	0	3.4008368583005675	199
EOG092C2SKV	0	42.09104056925335	351
EOG092C0WZC	0	21.231197278494275	389
EOG092C4LUM	0	6.74949525218525	137
EOG092C58AK	0	10.591516265491359	111
EOG092C0JYF	0	92.69333944189636	747
EOG092C3LZ4	0	13.60553726457368	303
EOG092C4HDL	0	23.21137966071269	151
EOG092C52XD	0	11.963818805593844	183
EOG092C1ZRG	0	12.60362668530332	273
EOG092C2UIQ	0	43.88539781221053	377
EOG092C2YBO	0	6.3035997693092085	305
EOG092C4JSY	0	4.716975720096256	65
EOG092C3F88	0	46.158792730545535	279
EOG092C3NTC	0	30.113220576388397	256
EOG092C5OR3	0	2.612027770838253	87
EOG092C24GU	0	33.21472455359021	412
EOG092C59CG	0	10.476263687037289	186
EOG092C2OKO	0	16.81636159255931	335
EOG092C44EY	0	24.540842307803345	259
EOG092C3HLI	0	54.026570671261794	311
EOG092C1RXZ	0	35.22648608829515	409
EOG092C5K7L	0	9.507007484050517	128
EOG092C3QQ6	0	8.58891404337268	265
EOG092C1VT8	0	43.926479192278684	392
EOG092C38HU	0	21.370257893188676	309
EOG092C5DTV	0	6.526952397171034	117
EOG092C58OI	0	4.639763074244736	123
EOG092C5HF0	0	9.788461965903982	88
EOG092C33JO	0	33.398690827929286	298
EOG092C44LK	0	17.234949696396566	127
EOG092C2Q7B	0	14.444621009542455	176
EOG092C4D5B	0	16.39824749808355	222
EOG092C5NLC	0	7.4047111243750106	85
EOG092C36CW	0	20.55805470966011	277
EOG092C4KTI	0	20.705709789007194	167
EOG092C40AW	0	22.15135957280489	259
EOG092C1ILX	0	20.301895855033884	220
EOG092C1JHE	0	28.156693391022486	208
EOG092C23X9	0	34.68921672902106	398
EOG092C3MKB	0	45.586542136674964	243
EOG092C2JLG	0	24.43235947117559	220
EOG092C36IX	0	37.988248219694476	286
EOG092C4UH1	0	9.881069889879067	194
EOG092C20OL	0	36.089904855693334	294
EOG092C1W1B	0	92.72422854252633	478
EOG092C2D1V	0	50.43922400688301	424
EOG092C11L7	0	53.52304300788567	433
EOG092C5HRI	0	6.877993175589577	106
EOG092C3TX5	0	16.60490132868602	159
EOG092C4IYM	0	93.68011145220858	400
EOG092C44YB	0	35.95412966233379	315
EOG092C5KXX	0	7.282415411429859	117
EOG092C5JQL	0	5.392935159324377	87
EOG092C56A1	0	33.83708700213604	185
EOG092C4PYA	0	6.897915083052066	128
EOG092C5A9A	0	8.069890126448641	90
EOG092C42ZN	0	9.560774203031078	238
EOG092C34KH	0	36.7308249485437	305
EOG092C5BSS	0	3.666929348821799	110
EOG092C0ROF	0	92.19389739026595	516
EOG092C1FRM	0	44.751617374144544	439
EOG092C5U93	0	10.03356386840287	104
EOG092C0VEN	0	59.92321056701347	527
EOG092C35RK	0	9.820919851362676	236
EOG092C4VOX	0	6.85590565430941	126
EOG092C3DT5	0	44.83008709405726	341
EOG092C54XZ	0	5.977426939493465	50
EOG092C3JEN	0	23.942613464193887	268
EOG092C5518	0	5.254130028172235	122
EOG092C4PJG	0	21.61814262716174	213
EOG092C4ZVL	0	23.73245343312085	218
EOG092C51AW	0	24.076193239277025	205
EOG092C0RGR	0	110.1265989083239	634
EOG092C4SQZ	0	17.570160770896027	184
EOG092C4H6Z	0	25.15541466294148	165
EOG092C3WW5	0	18.215764107758677	165
EOG092C4ZUJ	0	9.575918830966437	140
EOG092C3ENF	0	12.027525087257676	225
EOG092C3VJP	0	27.838907340353032	189
EOG092C2GKC	0	37.56882759313483	357
EOG092C5E45	0	6.498129209294597	122
EOG092C4PD0	0	21.4442930189184	173
EOG092C03KT	0	166.9591092856024	620
EOG092C5G2T	0	11.264634772493034	151
EOG092C4AZQ	0	3.000342815166609	180
EOG092C4LP2	0	11.67351139749043	170
EOG092C0I1P	0	78.19347189899581	546
EOG092C5BSI	0	11.807434764648175	123
EOG092C12WO	0	21.2759672068706	462
EOG092C0B3U	0	78.63981377019323	647
EOG092C1U6R	0	24.26936836624222	389
EOG092C5OPO	0	5.583429371300742	54
EOG092C0CZK	0	141.2722801644298	794
EOG092C038B	0	73.21916155481105	585
EOG092C221B	0	11.902020203065632	152
EOG092C1YG7	0	10.536092430188669	279
EOG092C4HB9	0	17.903859340145317	171
EOG092C0ST1	0	74.16468917516058	581
EOG092C4D28	0	32.09539352795485	189
EOG092C0OA7	0	83.3676578764507	477
EOG092C27SX	0	15.126284467532571	256
EOG092C4JEJ	0	5.422176684690384	177
EOG092C4N4W	0	15.447911848965289	182
EOG092C2LSI	0	16.636761753788612	202
EOG092C580G	0	3.5910401863879446	148
EOG092C3DV0	0	23.80448630410555	253
EOG092C2Q7F	0	15.266511931499672	441
EOG092C317A	0	18.242161894584623	292
EOG092C1F4W	0	36.38779999938878	452
EOG092C3IJW	0	10.31907927107088	290
EOG092C5T6H	0	4.455368519210875	101
EOG092C4X4U	0	4.895230505116328	162
EOG092C3Z6E	0	31.95702959454037	252
EOG092C4SZT	0	18.176292471044455	143
EOG092C0BPW	0	52.116515992943015	472
EOG092C55QK	0	9.69507320469755	107
EOG092C0TYK	0	13.523037714197496	266
EOG092C0UR7	0	28.05232206269641	437
EOG092C5BZ8	0	7.122206831444013	163
EOG092C2VJL	0	20.657549855575102	324
EOG092C4JOE	0	20.789983806600507	168
EOG092C2GWG	0	9.39046666558861	88
EOG092C2S9V	0	16.985411436897024	369
EOG092C4AQW	0	20.714555263642776	132
EOG092C57J7	0	9.901661919214419	114
EOG092C481U	0	15.152566782959408	224
EOG092C5EQR	0	6.077797842844759	77
EOG092C4BDP	0	18.214140165288732	200
EOG092C4IR2	0	5.725174863767625	111
EOG092C3GCF	0	18.589033339413515	306
EOG092C2IFF	0	38.596973074740106	350
EOG092C34FN	0	24.936715656283162	234
EOG092C2ZCA	0	19.997618905878817	299
EOG092C5KDG	0	8.605613437347348	152
EOG092C4JF2	0	24.4230651457001	199
EOG092C2SEF	0	8.449719468931585	354
EOG092C0KYA	0	35.31954571920017	305
EOG092C4Q5B	0	17.91746513493448	141
EOG092C37AK	0	23.67168645229567	253
EOG092C4Y4I	0	12.346196638178553	163
EOG092C31ZS	0	63.778131273079595	368
EOG092C2MTS	0	43.097825129166296	286
EOG092C3SC6	0	6.506847974863577	209
EOG092C1VMQ	0	27.779807919693713	366
EOG092C4C2A	0	9.615193922022362	122
